City Name,City Number,Latitude,Temperature,Humidity,Cloudiness,Wind Speed
Bambanglipuro,1650434,110.2833,301.34,76,90,4.0
Ushuaia,3833367,-68.3,292.15,45,40,6.17
Asău,686090,26.4,274.82,72,100,1.5
Chapada dos Guimarães,3466307,-55.7497,299.15,78,40,3.09
Provideniya,4031574,-173.3,250.15,64,0,8.0
Vaini,4032243,-175.2,301.15,83,75,6.17
Cockburn Town,3576994,-71.1419,298.2,77,3,8.76
Hilo,5855927,-155.09,298.15,57,20,4.63
Mataura,6201424,168.8643,283.16,88,100,5.54
Hobart,2163355,147.3294,299.26,40,0,4.12
Saint Paul Harbor,5866583,-152.4072,276.15,75,90,14.4
Lebu,3883457,-73.65,288.27,95,4,4.1
Thompson,6165406,-97.8558,241.15,75,40,3.6
Hithadhoo,1282256,73.0833,300.72,80,36,6.04
Tiarei,4033356,-149.3333,302.15,61,40,5.14
Perth,2063523,115.8333,295.93,43,20,4.63
Cape Town,3369157,18.4232,293.15,88,0,6.17
Vardø,777019,31.1107,268.89,86,100,5.97
Cayenne,3382160,-52.3333,297.15,100,75,3.6
Bredasdorp,1015776,20.0403,288.15,94,1,2.06
Qaanaaq,3831208,-69.3632,261.03,76,97,4.9
Albany,5106841,-73.9662,268.15,48,100,0.45
Byron Bay,2172880,153.6167,298.15,61,75,5.66
Norman Wells,6089245,-126.8329,245.15,69,20,3.09
Upernavik,3418910,-56.1549,253.96,90,96,4.96
Te Anau,2181625,167.7167,285.53,70,99,3.01
Khatanga,2022572,102.5,242.96,83,0,1.91
Lompoc,5367788,-120.4579,285.15,76,1,5.66
Vostok,2013279,135.8833,265.46,91,2,1.35
Busselton,2075265,115.3333,291.48,66,69,2.24
Mangai,2313084,19.5333,296.09,83,100,0.43
Henties Bay,3356832,14.2845,293.15,91,97,3.43
George Town,1735106,100.3354,303.15,74,20,2.06
Ostrovnoy,556268,39.5131,257.23,92,9,5.1
Rikitea,4030556,-134.9692,298.97,78,3,5.91
Chapais,5919850,-74.8492,249.15,84,90,0.88
Rawson,3839307,-65.1023,294.38,51,0,14.32
Severo-Kuril'sk,2121385,156.125,270.47,94,100,9.23
Castro,3466704,-50.0119,289.21,97,86,3.17
Jamestown,5122534,-79.2353,265.93,86,90,2.57
Punta Arenas,3874787,-70.9167,287.15,77,90,4.63
Kutum,371745,24.6667,287.14,44,0,3.56
Bluff,2206939,168.3333,284.73,86,100,12.43
Orotukan,2122414,151.7,255.55,90,98,1.31
Kumul,1529484,93.45,274.2,73,68,3.84
Jiuquan,1279945,98.5174,276.78,60,0,4.06
Kapaa,5848280,-159.319,295.37,56,1,2.57
